=== n = 300 ===
         m |   mean_mse |    std_mse |    min_mse |    max_mse |     mean_t |      std_t
----------------------------------------------------------------------------------------
         3 |     0.0331 |     0.0046 |     0.0261 |     0.0457 |     0.0249 |     0.0025
        15 |     0.0094 |     0.0016 |     0.0076 |     0.0133 |     0.0248 |     0.0002
        30 |     0.0061 |     0.0017 |     0.0038 |     0.0103 |     0.0252 |     0.0000
        60 |     0.0034 |     0.0016 |     0.0018 |     0.0076 |     0.0262 |     0.0002
       300 |     0.0018 |     0.0012 |     0.0003 |     0.0050 |     0.0211 |     0.0001

=== n = 600 ===
         m |   mean_mse |    std_mse |    min_mse |    max_mse |     mean_t |      std_t
----------------------------------------------------------------------------------------
         6 |     0.0146 |     0.0016 |     0.0113 |     0.0171 |     0.0580 |     0.0002
        30 |     0.0037 |     0.0007 |     0.0028 |     0.0053 |     0.0598 |     0.0003
        60 |     0.0020 |     0.0006 |     0.0012 |     0.0032 |     0.0620 |     0.0002
       120 |     0.0011 |     0.0004 |     0.0005 |     0.0020 |     0.0661 |     0.0001
       600 |     0.0008 |     0.0004 |     0.0001 |     0.0017 |     0.0635 |     0.0017

=== n = 1200 ===
         m |   mean_mse |    std_mse |    min_mse |    max_mse |     mean_t |      std_t
----------------------------------------------------------------------------------------
        12 |     0.0069 |     0.0007 |     0.0055 |     0.0083 |     0.1436 |     0.0013
        60 |     0.0023 |     0.0007 |     0.0011 |     0.0039 |     0.1504 |     0.0003
       120 |     0.0015 |     0.0007 |     0.0006 |     0.0033 |     0.1600 |     0.0011
       240 |     0.0010 |     0.0004 |     0.0004 |     0.0017 |     0.1849 |     0.0002
      1200 |     0.0004 |     0.0003 |     0.0001 |     0.0011 |     0.1941 |     0.0010

=== n = 2100 ===
         m |   mean_mse |    std_mse |    min_mse |    max_mse |     mean_t |      std_t
----------------------------------------------------------------------------------------
        21 |     0.0043 |     0.0004 |     0.0037 |     0.0054 |     0.2829 |     0.0025
       105 |     0.0012 |     0.0003 |     0.0006 |     0.0018 |     0.3123 |     0.0005
       210 |     0.0008 |     0.0004 |     0.0003 |     0.0018 |     0.3603 |     0.0020
       420 |     0.0006 |     0.0004 |     0.0001 |     0.0017 |     0.4405 |     0.0057
      2100 |     0.0002 |     0.0002 |     0.0001 |     0.0008 |     0.4699 |     0.0013
