=== n = 300 ===
 clip_mult |   mean_mse |    std_mse |    min_mse |    max_mse |     mean_t |      std_t
----------------------------------------------------------------------------------------
     0.010 |     0.0034 |     0.0011 |     0.0016 |     0.0058 |     0.0263 |     0.0002
     0.020 |     0.0089 |     0.0046 |     0.0034 |     0.0201 |     0.0261 |     0.0002
     0.050 |     0.0554 |     0.0255 |     0.0232 |     0.1251 |     0.0260 |     0.0000
     0.100 |     0.1723 |     0.0739 |     0.0827 |     0.3628 |     0.0261 |     0.0001
     0.250 |     0.9703 |     0.8530 |     0.2162 |     3.4012 |     0.0260 |     0.0001

=== n = 600 ===
 clip_mult |   mean_mse |    std_mse |    min_mse |    max_mse |     mean_t |      std_t
----------------------------------------------------------------------------------------
     0.010 |     0.0025 |     0.0011 |     0.0009 |     0.0046 |     0.0652 |     0.0001
     0.020 |     0.0050 |     0.0020 |     0.0022 |     0.0104 |     0.0651 |     0.0002
     0.050 |     0.0187 |     0.0094 |     0.0094 |     0.0432 |     0.0652 |     0.0006
     0.100 |     0.0985 |     0.0696 |     0.0221 |     0.3167 |     0.0649 |     0.0001
     0.250 |     0.4237 |     0.2937 |     0.1622 |     1.5230 |     0.0650 |     0.0001

=== n = 1200 ===
 clip_mult |   mean_mse |    std_mse |    min_mse |    max_mse |     mean_t |      std_t
----------------------------------------------------------------------------------------
     0.010 |     0.0006 |     0.0003 |     0.0003 |     0.0013 |     0.1824 |     0.0059
     0.020 |     0.0015 |     0.0004 |     0.0009 |     0.0027 |     0.1794 |     0.0032
     0.050 |     0.0082 |     0.0045 |     0.0034 |     0.0211 |     0.1776 |     0.0003
     0.100 |     0.0321 |     0.0143 |     0.0149 |     0.0635 |     0.1777 |     0.0009
     0.250 |     0.1805 |     0.0946 |     0.0789 |     0.4932 |     0.1778 |     0.0007

=== n = 2100 ===
 clip_mult |   mean_mse |    std_mse |    min_mse |    max_mse |     mean_t |      std_t
----------------------------------------------------------------------------------------
     0.010 |     0.0005 |     0.0002 |     0.0002 |     0.0009 |     0.3692 |     0.0020
     0.020 |     0.0009 |     0.0004 |     0.0003 |     0.0015 |     0.3677 |     0.0007
     0.050 |     0.0038 |     0.0009 |     0.0015 |     0.0055 |     0.3674 |     0.0006
     0.100 |     0.0108 |     0.0037 |     0.0046 |     0.0200 |     0.3681 |     0.0016
     0.250 |     0.1010 |     0.0300 |     0.0323 |     0.1575 |     0.3679 |     0.0011
