=== Subsample n = 700 ===
 clip_mult |  mean_ari |  std_ari |  mean_nmi |  std_nmi |   mean_mse |   std_mse |    mean_t |    std_t
---------------------------------------------------------------------------------------------------------
     0.010 |    0.3128 |   0.0145 |    0.2407 |   0.0118 |     0.1868 |    0.0362 |    0.0130 |   0.0042
     0.100 |    0.3291 |   0.0506 |    0.2568 |   0.0426 |     0.2176 |    0.0745 |    0.0116 |   0.0003
     0.500 |    0.2119 |   0.0717 |    0.2311 |   0.0928 |     1.0165 |    0.6935 |    0.0115 |   0.0000
     1.000 |    0.1879 |   0.1593 |    0.2047 |   0.1353 |     2.2541 |    2.4483 |    0.0116 |   0.0002
     2.000 |    0.1037 |   0.1435 |    0.1161 |   0.1234 |    18.1804 |   28.1222 |    0.0115 |   0.0000

=== Subsample n = 1000 ===
 clip_mult |  mean_ari |  std_ari |  mean_nmi |  std_nmi |   mean_mse |   std_mse |    mean_t |    std_t
---------------------------------------------------------------------------------------------------------
     0.010 |    0.3218 |   0.0115 |    0.2479 |   0.0092 |     0.1515 |    0.0356 |    0.0176 |   0.0001
     0.100 |    0.3165 |   0.0298 |    0.2450 |   0.0248 |     0.1742 |    0.0436 |    0.0177 |   0.0002
     0.500 |    0.2630 |   0.1271 |    0.2259 |   0.1046 |     0.5417 |    0.4911 |    0.0178 |   0.0002
     1.000 |    0.2051 |   0.1501 |    0.1936 |   0.1412 |     1.2646 |    0.8481 |    0.0185 |   0.0013
     2.000 |    0.1662 |   0.1555 |    0.1856 |   0.1394 |     6.6253 |    6.4127 |    0.0178 |   0.0004

=== Subsample n = 2000 ===
 clip_mult |  mean_ari |  std_ari |  mean_nmi |  std_nmi |   mean_mse |   std_mse |    mean_t |    std_t
---------------------------------------------------------------------------------------------------------
     0.010 |    0.3349 |   0.0113 |    0.2584 |   0.0093 |     0.0997 |    0.0279 |    0.0524 |   0.0017
     0.100 |    0.3339 |   0.0138 |    0.2573 |   0.0113 |     0.1093 |    0.0352 |    0.0507 |   0.0010
     0.500 |    0.3120 |   0.0556 |    0.2447 |   0.0485 |     0.1996 |    0.1366 |    0.0509 |   0.0011
     1.000 |    0.2834 |   0.1258 |    0.2360 |   0.1085 |     0.5223 |    0.4508 |    0.0505 |   0.0001
     2.000 |    0.2519 |   0.1429 |    0.2562 |   0.1103 |     1.8009 |    1.2749 |    0.0505 |   0.0000

=== Subsample n = 5000 ===
 clip_mult |  mean_ari |  std_ari |  mean_nmi |  std_nmi |   mean_mse |   std_mse |    mean_t |    std_t
---------------------------------------------------------------------------------------------------------
     0.010 |    0.3451 |   0.0055 |    0.2662 |   0.0045 |     0.0383 |    0.0067 |    0.2254 |   0.0112
     0.100 |    0.3471 |   0.0094 |    0.2682 |   0.0077 |     0.0446 |    0.0183 |    0.2424 |   0.0003
     0.500 |    0.3440 |   0.0295 |    0.2692 |   0.0242 |     0.1074 |    0.0882 |    0.2426 |   0.0011
     1.000 |    0.3602 |   0.0722 |    0.2913 |   0.0550 |     0.1925 |    0.1317 |    0.2216 |   0.0119
     2.000 |    0.3166 |   0.0720 |    0.2769 |   0.0767 |     0.4774 |    0.2989 |    0.2167 |   0.0002

