=== Subsample n = 700 ===
       m |  mean_ari |  std_ari |  mean_nmi |  std_nmi |   mean_mse |   std_mse |    mean_t |    std_t
-------------------------------------------------------------------------------------------------------
       7 |    0.1700 |   0.0994 |    0.1626 |   0.0827 |     1.5991 |    1.2509 |    0.0096 |   0.0014
      35 |    0.1719 |   0.1064 |    0.1778 |   0.0952 |     1.7853 |    1.6368 |    0.0095 |   0.0000
      70 |    0.2117 |   0.1585 |    0.2080 |   0.1389 |     2.4758 |    1.9591 |    0.0104 |   0.0000
     140 |    0.2021 |   0.1457 |    0.2170 |   0.1318 |     2.0555 |    1.0788 |    0.0122 |   0.0000
     700 |    0.1752 |   0.1556 |    0.1779 |   0.1553 |     2.2683 |    1.6570 |    0.0246 |   0.0001

=== Subsample n = 1000 ===
       m |  mean_ari |  std_ari |  mean_nmi |  std_nmi |   mean_mse |   std_mse |    mean_t |    std_t
-------------------------------------------------------------------------------------------------------
      10 |    0.2698 |   0.1052 |    0.2471 |   0.0850 |     0.9153 |    0.8925 |    0.0133 |   0.0011
      50 |    0.2340 |   0.0840 |    0.2109 |   0.0656 |     1.2684 |    1.5739 |    0.0146 |   0.0008
     100 |    0.2029 |   0.1484 |    0.2224 |   0.1358 |     1.9640 |    1.9209 |    0.0164 |   0.0003
     200 |    0.2358 |   0.1088 |    0.2003 |   0.1001 |     0.9197 |    0.5765 |    0.0202 |   0.0003
    1000 |    0.2209 |   0.1367 |    0.2215 |   0.1365 |     1.8590 |    1.4745 |    0.0448 |   0.0004

=== Subsample n = 2000 ===
       m |  mean_ari |  std_ari |  mean_nmi |  std_nmi |   mean_mse |   std_mse |    mean_t |    std_t
-------------------------------------------------------------------------------------------------------
      20 |    0.2680 |   0.1016 |    0.2265 |   0.0875 |     0.4673 |    0.3303 |    0.0302 |   0.0004
     100 |    0.2948 |   0.0729 |    0.2554 |   0.0758 |     0.4855 |    0.3241 |    0.0386 |   0.0045
     200 |    0.3124 |   0.1160 |    0.2804 |   0.0983 |     0.5864 |    0.4153 |    0.0461 |   0.0006
     400 |    0.3528 |   0.0980 |    0.2913 |   0.0831 |     0.3044 |    0.2624 |    0.0642 |   0.0016
    2000 |    0.2979 |   0.0987 |    0.2517 |   0.0891 |     0.4253 |    0.2941 |    0.1698 |   0.0024

=== Subsample n = 5000 ===
       m |  mean_ari |  std_ari |  mean_nmi |  std_nmi |   mean_mse |   std_mse |    mean_t |    std_t
-------------------------------------------------------------------------------------------------------
      50 |    0.3250 |   0.0577 |    0.2573 |   0.0413 |     0.1737 |    0.1817 |    0.0932 |   0.0011
     250 |    0.3336 |   0.0565 |    0.2619 |   0.0475 |     0.1403 |    0.0838 |    0.1452 |   0.0074
     500 |    0.3168 |   0.0551 |    0.2505 |   0.0438 |     0.1598 |    0.1436 |    0.2002 |   0.0076
    1000 |    0.3275 |   0.0298 |    0.2618 |   0.0345 |     0.1405 |    0.1412 |    0.3073 |   0.0072
    5000 |    0.2926 |   0.0505 |    0.2311 |   0.0444 |     0.1766 |    0.1428 |    1.1185 |   0.0261

