=== n = 200 ===
 clip_mult |   mean_mse |    std_mse |    min_mse |    max_mse |     mean_t |      std_t
----------------------------------------------------------------------------------------
     0.010 |     0.0394 |     0.0301 |     0.0104 |     0.1487 |     0.0185 |     0.0005
     0.020 |     0.0429 |     0.0247 |     0.0161 |     0.1120 |     0.0181 |     0.0005
     0.050 |     0.1940 |     0.0975 |     0.0869 |     0.4510 |     0.0182 |     0.0003
     0.100 |     0.4414 |     0.3290 |     0.0824 |     1.3853 |     0.0181 |     0.0007
     0.250 |     2.3860 |     1.7055 |     0.3373 |     7.2368 |     0.0181 |     0.0003

=== n = 500 ===
 clip_mult |   mean_mse |    std_mse |    min_mse |    max_mse |     mean_t |      std_t
----------------------------------------------------------------------------------------
     0.010 |     0.0227 |     0.0171 |     0.0061 |     0.0786 |     0.0608 |     0.0014
     0.020 |     0.0260 |     0.0185 |     0.0043 |     0.0866 |     0.0588 |     0.0003
     0.050 |     0.0557 |     0.0351 |     0.0106 |     0.1810 |     0.0595 |     0.0013
     0.100 |     0.1126 |     0.0516 |     0.0381 |     0.2486 |     0.0604 |     0.0025
     0.250 |     0.5915 |     0.4265 |     0.1113 |     1.4714 |     0.0596 |     0.0009

=== n = 1000 ===
 clip_mult |   mean_mse |    std_mse |    min_mse |    max_mse |     mean_t |      std_t
----------------------------------------------------------------------------------------
     0.010 |     0.0125 |     0.0089 |     0.0041 |     0.0364 |     0.1485 |     0.0030
     0.020 |     0.0138 |     0.0071 |     0.0024 |     0.0352 |     0.1490 |     0.0035
     0.050 |     0.0227 |     0.0097 |     0.0108 |     0.0426 |     0.1509 |     0.0033
     0.100 |     0.0464 |     0.0191 |     0.0147 |     0.0880 |     0.1490 |     0.0043
     0.250 |     0.1863 |     0.1101 |     0.0710 |     0.4552 |     0.1478 |     0.0021

=== n = 2000 ===
 clip_mult |   mean_mse |    std_mse |    min_mse |    max_mse |     mean_t |      std_t
----------------------------------------------------------------------------------------
     0.010 |     0.0087 |     0.0051 |     0.0014 |     0.0208 |     0.4351 |     0.0135
     0.020 |     0.0072 |     0.0053 |     0.0018 |     0.0241 |     0.4429 |     0.0200
     0.050 |     0.0131 |     0.0068 |     0.0040 |     0.0262 |     0.4421 |     0.0166
     0.100 |     0.0289 |     0.0153 |     0.0144 |     0.0820 |     0.4449 |     0.0128
     0.250 |     0.0964 |     0.0475 |     0.0416 |     0.2047 |     0.4453 |     0.0158
