=== n = 200 ===
         m |   mean_mse |    std_mse |    min_mse |    max_mse |     mean_t |      std_t
----------------------------------------------------------------------------------------
         2 |   138.2850 |    93.8520 |    11.8054 |   331.4974 |     0.0168 |     0.0006
        10 |   103.6212 |    43.5875 |    27.6240 |   206.4146 |     0.0180 |     0.0006
        20 |   154.8474 |   101.6382 |    20.5800 |   473.5661 |     0.0175 |     0.0006
        40 |   146.4453 |    59.3462 |    57.1008 |   248.1277 |     0.0183 |     0.0009
       200 |   171.7716 |    91.1431 |    40.2683 |   369.1648 |     0.0138 |     0.0006

=== n = 500 ===
         m |   mean_mse |    std_mse |    min_mse |    max_mse |     mean_t |      std_t
----------------------------------------------------------------------------------------
         5 |    32.7543 |    27.0716 |     6.0010 |   121.0504 |     0.0558 |     0.0014
        25 |    38.7989 |    31.2755 |     4.6013 |   142.8068 |     0.0571 |     0.0013
        50 |    34.0696 |    26.9038 |     4.2847 |   104.3093 |     0.0590 |     0.0033
       100 |    36.5599 |    20.0907 |    10.8468 |    97.2350 |     0.0629 |     0.0019
       500 |    30.9429 |    18.6159 |     2.9010 |    79.8154 |     0.0540 |     0.0011

=== n = 1000 ===
         m |   mean_mse |    std_mse |    min_mse |    max_mse |     mean_t |      std_t
----------------------------------------------------------------------------------------
        10 |     6.9624 |     5.6018 |     0.7936 |    25.8287 |     0.1284 |     0.0021
        50 |     6.4826 |     4.1313 |     0.5247 |    17.6417 |     0.1340 |     0.0028
       100 |     7.7368 |     4.9756 |     1.0166 |    20.3503 |     0.1434 |     0.0041
       200 |     7.2480 |     4.6790 |     1.4174 |    17.6146 |     0.1620 |     0.0029
      1000 |    11.4793 |     6.1032 |     2.1656 |    22.2511 |     0.1529 |     0.0010

=== n = 2000 ===
         m |   mean_mse |    std_mse |    min_mse |    max_mse |     mean_t |      std_t
----------------------------------------------------------------------------------------
        20 |     1.7929 |     1.5717 |     0.2567 |     7.7882 |     0.3647 |     0.0172
       100 |     1.5161 |     1.6357 |     0.4001 |     7.0401 |     0.3871 |     0.0070
       200 |     2.3644 |     1.7674 |     0.2337 |     8.6705 |     0.4328 |     0.0125
       400 |     2.2817 |     1.3333 |     0.3266 |     6.0558 |     0.4960 |     0.0167
      2000 |     2.4095 |     1.6244 |     0.2788 |     5.0492 |     0.5096 |     0.0094
