=== Subsample n = 1000 ===
       m |  mean_ari |  std_ari |  mean_nmi |  std_nmi |   mean_mse |   std_mse |    mean_t |    std_t
-------------------------------------------------------------------------------------------------------
      10 |    0.2935 |   0.0364 |    0.4379 |   0.0291 |    97.9905 |   14.5085 |    0.0166 |   0.0029
      50 |    0.2744 |   0.0497 |    0.4316 |   0.0449 |   127.9476 |   23.6977 |    0.0209 |   0.0001
     100 |    0.2672 |   0.0345 |    0.4216 |   0.0321 |   107.8956 |   17.0759 |    0.0287 |   0.0006
     200 |    0.2538 |   0.0364 |    0.4141 |   0.0389 |   120.4580 |   39.6296 |    0.0409 |   0.0002

=== Subsample n = 3000 ===
       m |  mean_ari |  std_ari |  mean_nmi |  std_nmi |   mean_mse |   std_mse |    mean_t |    std_t
-------------------------------------------------------------------------------------------------------
      30 |    0.3447 |   0.0361 |    0.4760 |   0.0237 |    60.4243 |   15.6706 |    0.0753 |   0.0052
     150 |    0.3317 |   0.0396 |    0.4778 |   0.0260 |    65.4773 |   13.2024 |    0.1342 |   0.0030
     300 |    0.3169 |   0.0374 |    0.4653 |   0.0268 |    75.9136 |   16.3090 |    0.2045 |   0.0033
     600 |    0.2992 |   0.0327 |    0.4498 |   0.0220 |    74.7054 |   11.2013 |    0.3485 |   0.0020

=== Subsample n = 6000 ===
       m |  mean_ari |  std_ari |  mean_nmi |  std_nmi |   mean_mse |   std_mse |    mean_t |    std_t
-------------------------------------------------------------------------------------------------------
      60 |    0.3386 |   0.0386 |    0.4871 |   0.0242 |    61.0438 |   18.8235 |    0.1842 |   0.0016
     300 |    0.3403 |   0.0438 |    0.4808 |   0.0261 |    55.8781 |   12.3214 |    0.4349 |   0.0056
     600 |    0.3498 |   0.0293 |    0.4897 |   0.0234 |    60.6778 |   21.1953 |    0.7348 |   0.0105
    1200 |    0.3341 |   0.0340 |    0.4760 |   0.0252 |    54.3219 |   11.8482 |    1.2746 |   0.0083

=== Subsample n = 10000 ===
       m |  mean_ari |  std_ari |  mean_nmi |  std_nmi |   mean_mse |   std_mse |    mean_t |    std_t
-------------------------------------------------------------------------------------------------------
     100 |    0.3742 |   0.0311 |    0.5104 |   0.0212 |    53.1093 |    9.5326 |    0.4762 |   0.0218
     500 |    0.3676 |   0.0386 |    0.4976 |   0.0304 |    50.7216 |   10.5232 |    1.2078 |   0.0156
    1000 |    0.3818 |   0.0273 |    0.5107 |   0.0180 |    43.9703 |   14.5670 |    2.0464 |   0.0093
    2000 |    0.3626 |   0.0268 |    0.5012 |   0.0175 |    52.0864 |   15.6892 |    3.8066 |   0.0161

