=== Subsample n = 1000 ===
 clip_mult |  mean_ari |  std_ari |  mean_nmi |  std_nmi |   mean_mse |   std_mse |    mean_t |    std_t
---------------------------------------------------------------------------------------------------------
     0.010 |    0.2595 |   0.0222 |    0.4193 |   0.0179 |   118.6614 |   22.1731 |    0.0331 |   0.0001
     0.050 |    0.2609 |   0.0411 |    0.4226 |   0.0348 |   121.8737 |   25.9459 |    0.0333 |   0.0005
     0.100 |    0.2905 |   0.0453 |    0.4397 |   0.0371 |   118.3587 |   39.4230 |    0.0331 |   0.0002
     0.250 |    0.2614 |   0.0401 |    0.4175 |   0.0368 |   115.2585 |   14.1193 |    0.0331 |   0.0001

=== Subsample n = 3000 ===
 clip_mult |  mean_ari |  std_ari |  mean_nmi |  std_nmi |   mean_mse |   std_mse |    mean_t |    std_t
---------------------------------------------------------------------------------------------------------
     0.010 |    0.3030 |   0.0217 |    0.4545 |   0.0190 |    80.6686 |   14.9583 |    0.2417 |   0.0043
     0.050 |    0.3347 |   0.0151 |    0.4714 |   0.0176 |    65.7709 |    8.4322 |    0.2419 |   0.0024
     0.100 |    0.3102 |   0.0368 |    0.4621 |   0.0247 |    78.2703 |   17.2060 |    0.2424 |   0.0023
     0.250 |    0.3278 |   0.0436 |    0.4728 |   0.0263 |    66.0339 |   18.5172 |    0.2448 |   0.0036

=== Subsample n = 6000 ===
 clip_mult |  mean_ari |  std_ari |  mean_nmi |  std_nmi |   mean_mse |   std_mse |    mean_t |    std_t
---------------------------------------------------------------------------------------------------------
     0.010 |    0.3550 |   0.0259 |    0.4872 |   0.0124 |    54.0737 |   12.4298 |    0.8155 |   0.0076
     0.050 |    0.3337 |   0.0498 |    0.4805 |   0.0275 |    55.3934 |   19.4367 |    0.8208 |   0.0078
     0.100 |    0.3603 |   0.0336 |    0.4952 |   0.0276 |    55.3692 |   14.6042 |    0.8172 |   0.0089
     0.250 |    0.3578 |   0.0430 |    0.4929 |   0.0280 |    55.6729 |   13.8246 |    0.8192 |   0.0052

=== Subsample n = 10000 ===
 clip_mult |  mean_ari |  std_ari |  mean_nmi |  std_nmi |   mean_mse |   std_mse |    mean_t |    std_t
---------------------------------------------------------------------------------------------------------
     0.010 |    0.3717 |   0.0260 |    0.5091 |   0.0184 |    52.2749 |   11.9247 |    2.1959 |   0.0097
     0.050 |    0.3690 |   0.0332 |    0.4981 |   0.0204 |    50.3829 |   11.3991 |    2.2001 |   0.0129
     0.100 |    0.3752 |   0.0245 |    0.5029 |   0.0209 |    52.4005 |    8.2466 |    2.1963 |   0.0115
     0.250 |    0.3616 |   0.0169 |    0.4973 |   0.0116 |    44.8335 |    9.0562 |    2.1948 |   0.0110

