=== Subsample n = 1000 ===
 clip_mult |  mean_ari |  std_ari |  mean_nmi |  std_nmi |   mean_mse |   std_mse |    mean_t |    std_t
---------------------------------------------------------------------------------------------------------
     0.010 |    0.2577 |   0.0390 |    0.4152 |   0.0330 |   136.1804 |   19.2233 |    0.0449 |   0.0006
     0.050 |    0.2677 |   0.0464 |    0.4266 |   0.0368 |   126.5955 |   20.2682 |    0.0446 |   0.0005
     0.100 |    0.2407 |   0.0437 |    0.4070 |   0.0388 |   134.1826 |   31.2886 |    0.0448 |   0.0006
     0.250 |    0.2624 |   0.0358 |    0.4236 |   0.0307 |   124.6304 |   30.8286 |    0.0447 |   0.0006

=== Subsample n = 3000 ===
 clip_mult |  mean_ari |  std_ari |  mean_nmi |  std_nmi |   mean_mse |   std_mse |    mean_t |    std_t
---------------------------------------------------------------------------------------------------------
     0.010 |    0.3195 |   0.0330 |    0.4619 |   0.0258 |    69.5391 |   14.2403 |    0.3225 |   0.0132
     0.050 |    0.3217 |   0.0291 |    0.4663 |   0.0235 |    72.1210 |   18.8689 |    0.3197 |   0.0111
     0.100 |    0.3154 |   0.0342 |    0.4569 |   0.0284 |    69.5553 |   13.1248 |    0.3248 |   0.0138
     0.250 |    0.3167 |   0.0408 |    0.4591 |   0.0298 |    73.1390 |   17.1228 |    0.3193 |   0.0094

=== Subsample n = 6000 ===
 clip_mult |  mean_ari |  std_ari |  mean_nmi |  std_nmi |   mean_mse |   std_mse |    mean_t |    std_t
---------------------------------------------------------------------------------------------------------
     0.010 |    0.3459 |   0.0296 |    0.4836 |   0.0218 |    59.4366 |   12.8449 |    1.0152 |   0.0173
     0.050 |    0.3485 |   0.0366 |    0.4864 |   0.0270 |    58.0711 |   12.0132 |    1.0265 |   0.0144
     0.100 |    0.3449 |   0.0358 |    0.4842 |   0.0222 |    58.2885 |   12.2803 |    1.0282 |   0.0203
     0.250 |    0.3510 |   0.0333 |    0.4854 |   0.0253 |    54.7083 |   12.4841 |    1.0341 |   0.0270

=== Subsample n = 10000 ===
 clip_mult |  mean_ari |  std_ari |  mean_nmi |  std_nmi |   mean_mse |   std_mse |    mean_t |    std_t
---------------------------------------------------------------------------------------------------------
     0.010 |    0.3753 |   0.0296 |    0.5047 |   0.0209 |    51.5299 |    8.4379 |    2.6308 |   0.0381
     0.050 |    0.3646 |   0.0326 |    0.5020 |   0.0202 |    58.7714 |   16.8404 |    2.6218 |   0.0234
     0.100 |    0.3678 |   0.0367 |    0.5019 |   0.0237 |    50.8853 |   14.2460 |    2.6149 |   0.0157
     0.250 |    0.3705 |   0.0377 |    0.5040 |   0.0255 |    53.5198 |   15.9198 |    2.6174 |   0.0216

