=== Subsample n = 1000 ===
       m |  mean_ari |  std_ari |  mean_nmi |  std_nmi |   mean_mse |   std_mse |    mean_t |    std_t
-------------------------------------------------------------------------------------------------------
      10 |    0.2685 |   0.0269 |    0.4261 |   0.0241 |   121.4550 |   28.6300 |    0.0265 |   0.0017
      50 |    0.2503 |   0.0450 |    0.4117 |   0.0379 |   126.9173 |   23.2248 |    0.0311 |   0.0005
     100 |    0.2412 |   0.0341 |    0.4048 |   0.0300 |   129.5804 |   26.2097 |    0.0395 |   0.0006
     200 |    0.2711 |   0.0430 |    0.4271 |   0.0366 |   132.2301 |   40.4295 |    0.0516 |   0.0005

=== Subsample n = 3000 ===
       m |  mean_ari |  std_ari |  mean_nmi |  std_nmi |   mean_mse |   std_mse |    mean_t |    std_t
-------------------------------------------------------------------------------------------------------
      30 |    0.3257 |   0.0362 |    0.4664 |   0.0274 |    68.5223 |   15.6629 |    0.1354 |   0.0042
     150 |    0.3230 |   0.0265 |    0.4672 |   0.0247 |    65.3157 |   10.4353 |    0.1988 |   0.0034
     300 |    0.3223 |   0.0379 |    0.4684 |   0.0252 |    82.5093 |   16.5392 |    0.2745 |   0.0062
     600 |    0.3067 |   0.0271 |    0.4616 |   0.0234 |    69.9172 |   14.1913 |    0.4277 |   0.0041

=== Subsample n = 6000 ===
       m |  mean_ari |  std_ari |  mean_nmi |  std_nmi |   mean_mse |   std_mse |    mean_t |    std_t
-------------------------------------------------------------------------------------------------------
      60 |    0.3525 |   0.0375 |    0.4928 |   0.0220 |    58.2054 |   11.1237 |    0.3755 |   0.0081
     300 |    0.3436 |   0.0338 |    0.4859 |   0.0253 |    57.2050 |   15.9631 |    0.6153 |   0.0072
     600 |    0.3453 |   0.0274 |    0.4846 |   0.0209 |    59.3036 |   15.3506 |    0.8934 |   0.0068
    1200 |    0.3490 |   0.0314 |    0.4882 |   0.0207 |    58.7319 |   13.6598 |    1.4425 |   0.0099

=== Subsample n = 10000 ===
       m |  mean_ari |  std_ari |  mean_nmi |  std_nmi |   mean_mse |   std_mse |    mean_t |    std_t
-------------------------------------------------------------------------------------------------------
     100 |    0.3697 |   0.0310 |    0.5045 |   0.0221 |    52.7009 |   14.4773 |    0.8506 |   0.0125
     500 |    0.3644 |   0.0393 |    0.4996 |   0.0256 |    55.2293 |   15.6817 |    1.5813 |   0.0284
    1000 |    0.3746 |   0.0357 |    0.5067 |   0.0231 |    52.0709 |   13.8945 |    2.4579 |   0.0253
    2000 |    0.3664 |   0.0279 |    0.5020 |   0.0175 |    54.6494 |   14.2692 |    4.1963 |   0.1492

