=== Subsample n = 700 ===
       m |  mean_ari |  std_ari |  mean_nmi |  std_nmi |   mean_mse |   std_mse |    mean_t |    std_t
-------------------------------------------------------------------------------------------------------
       7 |    0.8565 |   0.1644 |    0.8873 |   0.1196 |     0.1205 |    0.2424 |    0.0115 |   0.0038
      35 |    0.8443 |   0.1329 |    0.8695 |   0.0883 |     0.1232 |    0.2671 |    0.0109 |   0.0002
      70 |    0.8003 |   0.1974 |    0.8335 |   0.1524 |     0.0990 |    0.1214 |    0.0119 |   0.0001
     140 |    0.8440 |   0.1437 |    0.8704 |   0.1124 |     0.0576 |    0.0643 |    0.0137 |   0.0001
     700 |    0.8102 |   0.1390 |    0.8471 |   0.1053 |     0.0953 |    0.1579 |    0.0257 |   0.0002

=== Subsample n = 1000 ===
       m |  mean_ari |  std_ari |  mean_nmi |  std_nmi |   mean_mse |   std_mse |    mean_t |    std_t
-------------------------------------------------------------------------------------------------------
      10 |    0.8818 |   0.1509 |    0.9018 |   0.1172 |     0.0995 |    0.3623 |    0.0154 |   0.0014
      50 |    0.8655 |   0.1831 |    0.8852 |   0.1458 |     0.0962 |    0.3087 |    0.0166 |   0.0007
     100 |    0.8711 |   0.1321 |    0.8853 |   0.0990 |     0.0699 |    0.2387 |    0.0186 |   0.0011
     200 |    0.8167 |   0.1585 |    0.8419 |   0.1294 |     0.0711 |    0.1641 |    0.0218 |   0.0001
    1000 |    0.9009 |   0.1019 |    0.9108 |   0.0737 |     0.0611 |    0.1833 |    0.0458 |   0.0016

=== Subsample n = 2000 ===
       m |  mean_ari |  std_ari |  mean_nmi |  std_nmi |   mean_mse |   std_mse |    mean_t |    std_t
-------------------------------------------------------------------------------------------------------
      20 |    0.8777 |   0.1377 |    0.8903 |   0.1138 |     0.0076 |    0.0108 |    0.0335 |   0.0003
     100 |    0.8802 |   0.1346 |    0.8907 |   0.1012 |     0.0939 |    0.3774 |    0.0405 |   0.0002
     200 |    0.8331 |   0.1488 |    0.8478 |   0.1269 |     0.0339 |    0.1105 |    0.0493 |   0.0002
     400 |    0.8500 |   0.1484 |    0.8633 |   0.1197 |     0.0141 |    0.0244 |    0.0668 |   0.0014
    2000 |    0.8730 |   0.1202 |    0.8805 |   0.0995 |     0.0170 |    0.0273 |    0.1761 |   0.0045

=== Subsample n = 5000 ===
       m |  mean_ari |  std_ari |  mean_nmi |  std_nmi |   mean_mse |   std_mse |    mean_t |    std_t
-------------------------------------------------------------------------------------------------------
      50 |    0.8811 |   0.1595 |    0.8859 |   0.1406 |     0.0036 |    0.0077 |    0.1049 |   0.0014
     250 |    0.8974 |   0.1548 |    0.9091 |   0.1204 |     0.0016 |    0.0017 |    0.1504 |   0.0011
     500 |    0.8768 |   0.1381 |    0.8848 |   0.1163 |     0.0045 |    0.0060 |    0.2107 |   0.0081
    1000 |    0.9183 |   0.0795 |    0.9153 |   0.0694 |     0.0020 |    0.0022 |    0.3180 |   0.0055
    5000 |    0.9220 |   0.0759 |    0.9189 |   0.0635 |     0.0028 |    0.0049 |    1.1262 |   0.0180

