=== Subsample n = 700 ===
 clip_mult |  mean_ari |  std_ari |  mean_nmi |  std_nmi |   mean_mse |   std_mse |    mean_t |    std_t
---------------------------------------------------------------------------------------------------------
     0.010 |    0.8601 |   0.1223 |    0.8711 |   0.1015 |     0.0096 |    0.0086 |    0.0141 |   0.0039
     0.100 |    0.8361 |   0.1751 |    0.8601 |   0.1451 |     0.0931 |    0.3402 |    0.0128 |   0.0002
     0.500 |    0.7909 |   0.1415 |    0.8251 |   0.1127 |     0.0997 |    0.2469 |    0.0129 |   0.0002
     1.000 |    0.8811 |   0.1250 |    0.9017 |   0.0924 |     0.1065 |    0.3004 |    0.0131 |   0.0004
     2.000 |    0.7976 |   0.1428 |    0.8525 |   0.0996 |     0.3572 |    0.5439 |    0.0129 |   0.0002

=== Subsample n = 1000 ===
 clip_mult |  mean_ari |  std_ari |  mean_nmi |  std_nmi |   mean_mse |   std_mse |    mean_t |    std_t
---------------------------------------------------------------------------------------------------------
     0.010 |    0.8530 |   0.1242 |    0.8692 |   0.0967 |     0.0357 |    0.1093 |    0.0206 |   0.0013
     0.100 |    0.8474 |   0.1652 |    0.8595 |   0.1414 |     0.0329 |    0.1310 |    0.0199 |   0.0002
     0.500 |    0.7975 |   0.1490 |    0.8254 |   0.1199 |     0.0793 |    0.2480 |    0.0207 |   0.0015
     1.000 |    0.9170 |   0.0921 |    0.9188 |   0.0785 |     0.0164 |    0.0115 |    0.0197 |   0.0002
     2.000 |    0.8149 |   0.1424 |    0.8517 |   0.1051 |     0.1516 |    0.2400 |    0.0214 |   0.0018

=== Subsample n = 2000 ===
 clip_mult |  mean_ari |  std_ari |  mean_nmi |  std_nmi |   mean_mse |   std_mse |    mean_t |    std_t
---------------------------------------------------------------------------------------------------------
     0.010 |    0.8518 |   0.1277 |    0.8707 |   0.0932 |     0.1268 |    0.3628 |    0.0563 |   0.0061
     0.100 |    0.8423 |   0.1699 |    0.8591 |   0.1440 |     0.1001 |    0.3500 |    0.0566 |   0.0032
     0.500 |    0.8206 |   0.1272 |    0.8348 |   0.1109 |     0.0076 |    0.0083 |    0.0555 |   0.0005
     1.000 |    0.9140 |   0.0994 |    0.9175 |   0.0781 |     0.0186 |    0.0604 |    0.0554 |   0.0007
     2.000 |    0.8823 |   0.1234 |    0.8937 |   0.0975 |     0.0311 |    0.0377 |    0.0548 |   0.0004

=== Subsample n = 5000 ===
 clip_mult |  mean_ari |  std_ari |  mean_nmi |  std_nmi |   mean_mse |   std_mse |    mean_t |    std_t
---------------------------------------------------------------------------------------------------------
     0.010 |    0.8602 |   0.1249 |    0.8708 |   0.0979 |     0.0182 |    0.0736 |    0.2374 |   0.0052
     0.100 |    0.8434 |   0.1689 |    0.8578 |   0.1419 |     0.0272 |    0.0999 |    0.2354 |   0.0058
     0.500 |    0.8209 |   0.1248 |    0.8350 |   0.1086 |     0.0049 |    0.0064 |    0.2356 |   0.0046
     1.000 |    0.9193 |   0.0916 |    0.9185 |   0.0783 |     0.0021 |    0.0027 |    0.2371 |   0.0076
     2.000 |    0.9084 |   0.0947 |    0.9073 |   0.0840 |     0.0074 |    0.0067 |    0.2334 |   0.0074

