=== n = 200 ===
 clip_mult |   mean_mse |    std_mse |    min_mse |    max_mse |     mean_t |      std_t
----------------------------------------------------------------------------------------
     0.010 |     0.0114 |     0.0053 |     0.0048 |     0.0301 |     0.0171 |     0.0003
     0.020 |     0.0211 |     0.0063 |     0.0109 |     0.0356 |     0.0168 |     0.0003
     0.050 |     0.1142 |     0.0971 |     0.0139 |     0.3853 |     0.0167 |     0.0001
     0.100 |     0.3413 |     0.1975 |     0.0995 |     0.8275 |     0.0167 |     0.0001
     0.250 |     2.1517 |     1.7184 |     0.1515 |     5.7312 |     0.0167 |     0.0001

=== n = 500 ===
 clip_mult |   mean_mse |    std_mse |    min_mse |    max_mse |     mean_t |      std_t
----------------------------------------------------------------------------------------
     0.010 |     0.0032 |     0.0007 |     0.0020 |     0.0046 |     0.0530 |     0.0004
     0.020 |     0.0072 |     0.0030 |     0.0034 |     0.0142 |     0.0529 |     0.0006
     0.050 |     0.0264 |     0.0141 |     0.0077 |     0.0738 |     0.0529 |     0.0003
     0.100 |     0.1609 |     0.1015 |     0.0525 |     0.4246 |     0.0527 |     0.0001
     0.250 |     0.3403 |     0.1893 |     0.1263 |     0.8395 |     0.0527 |     0.0001

=== n = 1000 ===
 clip_mult |   mean_mse |    std_mse |    min_mse |    max_mse |     mean_t |      std_t
----------------------------------------------------------------------------------------
     0.010 |     0.0013 |     0.0003 |     0.0009 |     0.0018 |     0.1230 |     0.0004
     0.020 |     0.0030 |     0.0013 |     0.0017 |     0.0070 |     0.1229 |     0.0002
     0.050 |     0.0113 |     0.0057 |     0.0054 |     0.0286 |     0.1228 |     0.0002
     0.100 |     0.0451 |     0.0218 |     0.0144 |     0.0958 |     0.1228 |     0.0002
     0.250 |     0.1494 |     0.0675 |     0.0443 |     0.3211 |     0.1228 |     0.0002

=== n = 2000 ===
 clip_mult |   mean_mse |    std_mse |    min_mse |    max_mse |     mean_t |      std_t
----------------------------------------------------------------------------------------
     0.010 |     0.0006 |     0.0001 |     0.0004 |     0.0010 |     0.3440 |     0.0019
     0.020 |     0.0012 |     0.0003 |     0.0006 |     0.0019 |     0.3435 |     0.0010
     0.050 |     0.0044 |     0.0017 |     0.0015 |     0.0099 |     0.3443 |     0.0006
     0.100 |     0.0184 |     0.0083 |     0.0061 |     0.0424 |     0.3435 |     0.0005
     0.250 |     0.0977 |     0.0702 |     0.0336 |     0.3342 |     0.3433 |     0.0007
