=== n = 200 ===
         m |   mean_mse |    std_mse |    min_mse |    max_mse |     mean_t |      std_t
----------------------------------------------------------------------------------------
         2 |     0.0307 |     0.0085 |     0.0182 |     0.0525 |     0.0165 |     0.0015
        10 |     0.0258 |     0.0037 |     0.0191 |     0.0324 |     0.0163 |     0.0001
        20 |     0.0171 |     0.0044 |     0.0114 |     0.0276 |     0.0166 |     0.0002
        40 |     0.0114 |     0.0029 |     0.0076 |     0.0166 |     0.0169 |     0.0000
       200 |     0.0054 |     0.0026 |     0.0017 |     0.0106 |     0.0130 |     0.0001

=== n = 500 ===
         m |   mean_mse |    std_mse |    min_mse |    max_mse |     mean_t |      std_t
----------------------------------------------------------------------------------------
         5 |     0.0256 |     0.0026 |     0.0211 |     0.0306 |     0.0478 |     0.0002
        25 |     0.0106 |     0.0020 |     0.0074 |     0.0162 |     0.0492 |     0.0002
        50 |     0.0050 |     0.0009 |     0.0031 |     0.0064 |     0.0507 |     0.0001
       100 |     0.0027 |     0.0009 |     0.0014 |     0.0047 |     0.0545 |     0.0001
       500 |     0.0018 |     0.0008 |     0.0006 |     0.0035 |     0.0453 |     0.0001

=== n = 1000 ===
         m |   mean_mse |    std_mse |    min_mse |    max_mse |     mean_t |      std_t
----------------------------------------------------------------------------------------
        10 |     0.0166 |     0.0016 |     0.0136 |     0.0191 |     0.1026 |     0.0020
        50 |     0.0035 |     0.0004 |     0.0028 |     0.0045 |     0.1064 |     0.0002
       100 |     0.0016 |     0.0003 |     0.0011 |     0.0023 |     0.1152 |     0.0022
       200 |     0.0009 |     0.0002 |     0.0006 |     0.0015 |     0.1333 |     0.0004
      1000 |     0.0006 |     0.0002 |     0.0002 |     0.0013 |     0.1269 |     0.0002

=== n = 2000 ===
         m |   mean_mse |    std_mse |    min_mse |    max_mse |     mean_t |      std_t
----------------------------------------------------------------------------------------
        20 |     0.0078 |     0.0007 |     0.0064 |     0.0097 |     0.2627 |     0.0014
       100 |     0.0014 |     0.0001 |     0.0012 |     0.0018 |     0.2890 |     0.0009
       200 |     0.0008 |     0.0001 |     0.0006 |     0.0010 |     0.3331 |     0.0007
       400 |     0.0005 |     0.0001 |     0.0004 |     0.0008 |     0.4003 |     0.0009
      2000 |     0.0003 |     0.0001 |     0.0002 |     0.0006 |     0.4270 |     0.0017
