=== Subsample n = 1000 ===
       m |  mean_ari |  std_ari |  mean_nmi |  std_nmi |   mean_mse |   std_mse |    mean_t |    std_t
-------------------------------------------------------------------------------------------------------
      10 |    0.2935 |   0.0364 |    0.4379 |   0.0291 |    97.9905 |   14.5085 |    0.0169 |   0.0029
      50 |    0.2744 |   0.0497 |    0.4316 |   0.0449 |   127.9476 |   23.6977 |    0.0215 |   0.0008
     100 |    0.2672 |   0.0345 |    0.4216 |   0.0321 |   107.8956 |   17.0759 |    0.0308 |   0.0032
     200 |    0.2538 |   0.0364 |    0.4141 |   0.0389 |   120.4580 |   39.6296 |    0.0433 |   0.0026

=== Subsample n = 3000 ===
       m |  mean_ari |  std_ari |  mean_nmi |  std_nmi |   mean_mse |   std_mse |    mean_t |    std_t
-------------------------------------------------------------------------------------------------------
      30 |    0.3447 |   0.0361 |    0.4760 |   0.0237 |    60.4243 |   15.6706 |    0.0713 |   0.0005
     150 |    0.3317 |   0.0396 |    0.4778 |   0.0260 |    65.4773 |   13.2024 |    0.1338 |   0.0006
     300 |    0.3169 |   0.0374 |    0.4653 |   0.0268 |    75.9136 |   16.3090 |    0.2116 |   0.0031
     600 |    0.2992 |   0.0327 |    0.4498 |   0.0220 |    74.7054 |   11.2013 |    0.3613 |   0.0047

=== Subsample n = 6000 ===
       m |  mean_ari |  std_ari |  mean_nmi |  std_nmi |   mean_mse |   std_mse |    mean_t |    std_t
-------------------------------------------------------------------------------------------------------
      60 |    0.3386 |   0.0386 |    0.4871 |   0.0242 |    61.0438 |   18.8235 |    0.1841 |   0.0047
     300 |    0.3403 |   0.0438 |    0.4808 |   0.0261 |    55.8781 |   12.3214 |    0.4208 |   0.0025
     600 |    0.3498 |   0.0293 |    0.4897 |   0.0234 |    60.6778 |   21.1953 |    0.6984 |   0.0033
    1200 |    0.3341 |   0.0340 |    0.4760 |   0.0252 |    54.3219 |   11.8482 |    1.2473 |   0.0067

=== Subsample n = 10000 ===
       m |  mean_ari |  std_ari |  mean_nmi |  std_nmi |   mean_mse |   std_mse |    mean_t |    std_t
-------------------------------------------------------------------------------------------------------
     100 |    0.3742 |   0.0311 |    0.5104 |   0.0212 |    53.1093 |    9.5326 |    0.4485 |   0.0014
     500 |    0.3676 |   0.0386 |    0.4976 |   0.0304 |    50.7216 |   10.5232 |    1.1692 |   0.0080
    1000 |    0.3818 |   0.0273 |    0.5107 |   0.0180 |    43.9703 |   14.5670 |    2.0206 |   0.0079
    2000 |    0.3626 |   0.0268 |    0.5012 |   0.0175 |    52.0864 |   15.6892 |    3.7208 |   0.0131

