=== n = 300 ===
 clip_mult |   mean_mse |    std_mse |    min_mse |    max_mse |     mean_t |      std_t
----------------------------------------------------------------------------------------
     0.010 |     0.0395 |     0.0212 |     0.0081 |     0.0863 |     0.0285 |     0.0006
     0.020 |     0.0372 |     0.0153 |     0.0186 |     0.0809 |     0.0280 |     0.0005
     0.050 |     0.0828 |     0.0382 |     0.0356 |     0.1810 |     0.0278 |     0.0003
     0.100 |     0.2321 |     0.1290 |     0.0868 |     0.6039 |     0.0280 |     0.0009
     0.250 |     1.1282 |     1.1005 |     0.2389 |     5.0720 |     0.0288 |     0.0009

=== n = 600 ===
 clip_mult |   mean_mse |    std_mse |    min_mse |    max_mse |     mean_t |      std_t
----------------------------------------------------------------------------------------
     0.010 |     0.0318 |     0.0181 |     0.0101 |     0.0988 |     0.0730 |     0.0025
     0.020 |     0.0357 |     0.0212 |     0.0158 |     0.0953 |     0.0726 |     0.0022
     0.050 |     0.0403 |     0.0157 |     0.0154 |     0.0822 |     0.0756 |     0.0034
     0.100 |     0.1452 |     0.0662 |     0.0475 |     0.2964 |     0.0730 |     0.0028
     0.250 |     0.4050 |     0.2377 |     0.1313 |     0.9547 |     0.0727 |     0.0015

=== n = 1200 ===
 clip_mult |   mean_mse |    std_mse |    min_mse |    max_mse |     mean_t |      std_t
----------------------------------------------------------------------------------------
     0.010 |     0.0215 |     0.0097 |     0.0079 |     0.0436 |     0.2092 |     0.0070
     0.020 |     0.0224 |     0.0113 |     0.0066 |     0.0481 |     0.2064 |     0.0073
     0.050 |     0.0233 |     0.0110 |     0.0100 |     0.0485 |     0.2074 |     0.0059
     0.100 |     0.0447 |     0.0134 |     0.0255 |     0.0715 |     0.2063 |     0.0047
     0.250 |     0.2751 |     0.1403 |     0.1391 |     0.6303 |     0.2048 |     0.0049

=== n = 2100 ===
 clip_mult |   mean_mse |    std_mse |    min_mse |    max_mse |     mean_t |      std_t
----------------------------------------------------------------------------------------
     0.010 |     0.0170 |     0.0094 |     0.0066 |     0.0395 |     0.4516 |     0.0104
     0.020 |     0.0104 |     0.0085 |     0.0009 |     0.0353 |     0.4430 |     0.0058
     0.050 |     0.0185 |     0.0099 |     0.0064 |     0.0422 |     0.4551 |     0.0122
     0.100 |     0.0254 |     0.0083 |     0.0166 |     0.0553 |     0.4493 |     0.0083
     0.250 |     0.1038 |     0.0514 |     0.0377 |     0.2277 |     0.4774 |     0.0321
