=== n = 300 ===
         m |   mean_mse |    std_mse |    min_mse |    max_mse |     mean_t |      std_t
----------------------------------------------------------------------------------------
         3 |    44.1192 |    26.7227 |    11.9567 |    99.1302 |     0.0283 |     0.0007
        15 |    52.4018 |    29.2044 |    12.4985 |   125.2406 |     0.0306 |     0.0042
        30 |    69.0824 |    41.6789 |    21.5336 |   173.6614 |     0.0304 |     0.0011
        60 |    50.2993 |    36.2249 |     4.3117 |   124.4329 |     0.0331 |     0.0015
       300 |    79.7114 |    73.1322 |    14.7954 |   331.2522 |     0.0258 |     0.0008

=== n = 600 ===
         m |   mean_mse |    std_mse |    min_mse |    max_mse |     mean_t |      std_t
----------------------------------------------------------------------------------------
         6 |    20.4671 |    14.6515 |     3.2953 |    45.9307 |     0.0760 |     0.0025
        30 |    23.5336 |    15.5979 |     4.6846 |    57.8434 |     0.0787 |     0.0057
        60 |    25.0268 |    15.9629 |     7.1175 |    56.6328 |     0.0829 |     0.0124
       120 |    26.5624 |    14.8417 |     5.1094 |    55.3864 |     0.0856 |     0.0027
       600 |    33.6416 |    32.4143 |     4.1757 |   145.2647 |     0.0865 |     0.0050

=== n = 1200 ===
         m |   mean_mse |    std_mse |    min_mse |    max_mse |     mean_t |      std_t
----------------------------------------------------------------------------------------
        12 |     7.1112 |     5.6376 |     0.4921 |    18.4837 |     0.2141 |     0.0187
        60 |     6.9627 |     3.7706 |     2.1861 |    14.2870 |     0.2068 |     0.0206
       120 |     6.9262 |     4.4446 |     0.9111 |    21.1576 |     0.1976 |     0.0055
       240 |     9.1121 |     6.2525 |     2.8399 |    31.5472 |     0.2235 |     0.0077
      1200 |    12.6138 |    11.4212 |     1.7088 |    49.4714 |     0.2305 |     0.0056

=== n = 2100 ===
         m |   mean_mse |    std_mse |    min_mse |    max_mse |     mean_t |      std_t
----------------------------------------------------------------------------------------
        21 |     1.2784 |     0.8560 |     0.2854 |     3.2372 |     0.3875 |     0.0168
       105 |     1.7889 |     1.5952 |     0.4105 |     6.8447 |     0.4255 |     0.0188
       210 |     1.5292 |     1.4102 |     0.2217 |     5.0217 |     0.4637 |     0.0127
       420 |     1.5902 |     1.5030 |     0.1645 |     6.3790 |     0.5564 |     0.0140
      2100 |     2.6313 |     2.2885 |     0.3345 |     7.7044 |     0.5912 |     0.0257
