=== Subsample n = 700 ===
       m |  mean_ari |  std_ari |  mean_nmi |  std_nmi |   mean_mse |   std_mse |    mean_t |    std_t
-------------------------------------------------------------------------------------------------------
       7 |    0.0198 |   0.0262 |    0.0531 |   0.0634 |     4.2425 |    3.4218 |    0.0100 |   0.0029
      35 |    0.0280 |   0.0292 |    0.0585 |   0.0612 |     3.7014 |    1.5319 |    0.0096 |   0.0000
      70 |    0.0213 |   0.0266 |    0.0492 |   0.0653 |     4.0467 |    2.0616 |    0.0110 |   0.0001
     140 |    0.0228 |   0.0263 |    0.0443 |   0.0537 |     3.8866 |    2.2628 |    0.0132 |   0.0000
     700 |    0.0248 |   0.0275 |    0.0562 |   0.0685 |     4.1718 |    2.3947 |    0.0282 |   0.0005

=== Subsample n = 1000 ===
       m |  mean_ari |  std_ari |  mean_nmi |  std_nmi |   mean_mse |   std_mse |    mean_t |    std_t
-------------------------------------------------------------------------------------------------------
      10 |    0.0293 |   0.0323 |    0.0542 |   0.0649 |     1.7508 |    1.0289 |    0.0130 |   0.0003
      50 |    0.0180 |   0.0273 |    0.0359 |   0.0551 |     2.8736 |    2.0398 |    0.0155 |   0.0011
     100 |    0.0232 |   0.0240 |    0.0410 |   0.0528 |     3.1449 |    2.1318 |    0.0165 |   0.0002
     200 |    0.0126 |   0.0175 |    0.0364 |   0.0567 |     2.4975 |    1.3525 |    0.0202 |   0.0002
    1000 |    0.0256 |   0.0273 |    0.0421 |   0.0539 |     2.3012 |    1.1299 |    0.0440 |   0.0003

=== Subsample n = 2000 ===
       m |  mean_ari |  std_ari |  mean_nmi |  std_nmi |   mean_mse |   std_mse |    mean_t |    std_t
-------------------------------------------------------------------------------------------------------
      20 |    0.0090 |   0.0138 |    0.0093 |   0.0158 |     0.8175 |    0.4339 |    0.0301 |   0.0002
     100 |    0.0133 |   0.0199 |    0.0186 |   0.0385 |     0.7854 |    0.4286 |    0.0373 |   0.0002
     200 |    0.0084 |   0.0157 |    0.0091 |   0.0189 |     0.8937 |    0.5299 |    0.0459 |   0.0002
     400 |    0.0094 |   0.0191 |    0.0126 |   0.0313 |     0.8749 |    0.3890 |    0.0630 |   0.0004
    2000 |    0.0162 |   0.0248 |    0.0217 |   0.0389 |     0.9430 |    0.4839 |    0.1691 |   0.0004

=== Subsample n = 5000 ===
       m |  mean_ari |  std_ari |  mean_nmi |  std_nmi |   mean_mse |   std_mse |    mean_t |    std_t
-------------------------------------------------------------------------------------------------------
      50 |    0.0033 |   0.0050 |    0.0028 |   0.0044 |     0.2738 |    0.1074 |    0.0999 |   0.0055
     250 |    0.0015 |   0.0017 |    0.0012 |   0.0013 |     0.2592 |    0.0939 |    0.1388 |   0.0008
     500 |    0.0019 |   0.0026 |    0.0016 |   0.0020 |     0.2699 |    0.1282 |    0.1948 |   0.0012
    1000 |    0.0055 |   0.0129 |    0.0057 |   0.0155 |     0.2982 |    0.1950 |    0.3010 |   0.0021
    5000 |    0.0019 |   0.0027 |    0.0016 |   0.0022 |     0.2970 |    0.1251 |    1.1411 |   0.0622

