=== Subsample n = 700 ===
 clip_mult |  mean_ari |  std_ari |  mean_nmi |  std_nmi |   mean_mse |   std_mse |    mean_t |    std_t
---------------------------------------------------------------------------------------------------------
     0.010 |   -0.0012 |   0.0005 |    0.0002 |   0.0003 |     0.0113 |    0.0034 |    0.0129 |   0.0038
     0.100 |   -0.0010 |   0.0007 |    0.0003 |   0.0005 |     0.0472 |    0.0305 |    0.0118 |   0.0000
     0.500 |    0.0190 |   0.0271 |    0.0335 |   0.0545 |     1.4909 |    1.1124 |    0.0117 |   0.0000
     1.000 |    0.0243 |   0.0279 |    0.0478 |   0.0672 |     4.5694 |    3.7889 |    0.0117 |   0.0000
     2.000 |    0.0184 |   0.0241 |    0.0416 |   0.0532 |    13.2883 |    9.5910 |    0.0117 |   0.0000

=== Subsample n = 1000 ===
 clip_mult |  mean_ari |  std_ari |  mean_nmi |  std_nmi |   mean_mse |   std_mse |    mean_t |    std_t
---------------------------------------------------------------------------------------------------------
     0.010 |   -0.0009 |   0.0001 |    0.0001 |   0.0001 |     0.0092 |    0.0024 |    0.0180 |   0.0000
     0.100 |   -0.0007 |   0.0003 |    0.0002 |   0.0002 |     0.0384 |    0.0197 |    0.0180 |   0.0000
     0.500 |    0.0181 |   0.0236 |    0.0285 |   0.0456 |     0.7900 |    0.4833 |    0.0188 |   0.0007
     1.000 |    0.0176 |   0.0249 |    0.0392 |   0.0591 |     2.0237 |    1.2711 |    0.0182 |   0.0001
     2.000 |    0.0175 |   0.0238 |    0.0411 |   0.0559 |     8.3856 |    6.2300 |    0.0193 |   0.0006

=== Subsample n = 2000 ===
 clip_mult |  mean_ari |  std_ari |  mean_nmi |  std_nmi |   mean_mse |   std_mse |    mean_t |    std_t
---------------------------------------------------------------------------------------------------------
     0.010 |   -0.0004 |   0.0001 |    0.0001 |   0.0001 |     0.0089 |    0.0015 |    0.0509 |   0.0003
     0.100 |   -0.0004 |   0.0002 |    0.0001 |   0.0001 |     0.0242 |    0.0110 |    0.0506 |   0.0001
     0.500 |    0.0023 |   0.0043 |    0.0022 |   0.0035 |     0.2409 |    0.1393 |    0.0507 |   0.0001
     1.000 |    0.0176 |   0.0215 |    0.0227 |   0.0390 |     0.9381 |    0.5863 |    0.0519 |   0.0015
     2.000 |    0.0251 |   0.0261 |    0.0417 |   0.0534 |     3.3590 |    2.2978 |    0.0531 |   0.0023

=== Subsample n = 5000 ===
 clip_mult |  mean_ari |  std_ari |  mean_nmi |  std_nmi |   mean_mse |   std_mse |    mean_t |    std_t
---------------------------------------------------------------------------------------------------------
     0.010 |   -0.0002 |   0.0000 |    0.0000 |   0.0000 |     0.0167 |    0.0022 |    0.2164 |   0.0007
     0.100 |   -0.0001 |   0.0001 |    0.0001 |   0.0001 |     0.0211 |    0.0048 |    0.2170 |   0.0007
     0.500 |    0.0008 |   0.0009 |    0.0007 |   0.0007 |     0.1015 |    0.0445 |    0.2174 |   0.0013
     1.000 |    0.0022 |   0.0035 |    0.0019 |   0.0029 |     0.2553 |    0.1008 |    0.2173 |   0.0022
     2.000 |    0.0135 |   0.0195 |    0.0191 |   0.0405 |     0.8185 |    0.4189 |    0.2187 |   0.0042

