Run 1
MS Modes:
[[ 2.452553e-02 -5.974389e+00]
 [-3.187730e-04  4.893302e-03]
 [-5.846104e-02  6.057594e+00]
 [ 5.906351e+00 -2.253799e-02]
 [-5.960849e+00 -1.032407e-01]]
MS MSE: 0.005897
DP-GRAMS Modes:
[[-5.87657  -0.301051]
 [-0.073804  0.044355]
 [ 5.932414  0.0713  ]
 [ 0.027558 -6.069077]
 [-0.11876   5.870353]]
DP MSE: 0.031875

Run 2
MS Modes:
[[-5.849433e-02  6.057515e+00]
 [-5.960576e+00 -1.033961e-01]
 [ 2.452553e-02 -5.974389e+00]
 [ 5.906329e+00 -2.254333e-02]
 [-3.169828e-04  4.893327e-03]]
MS MSE: 0.005908
DP-GRAMS Modes:
[[ 0.014556  6.075555]
 [-5.991171 -0.251898]
 [ 0.047882 -6.083088]
 [ 0.013409  0.286488]
 [ 5.710939  0.024882]]
DP MSE: 0.049016

Run 3
MS Modes:
[[ 5.906351e+00 -2.253766e-02]
 [-3.187672e-04  4.893302e-03]
 [-5.960248e+00 -1.037468e-01]
 [-5.844936e-02  6.057616e+00]
 [ 2.452553e-02 -5.974389e+00]]
MS MSE: 0.005928
DP-GRAMS Modes:
[[-5.991086 -0.034872]
 [-0.093031  0.094611]
 [-0.067586 -5.98825 ]
 [ 5.714175 -0.370865]
 [-0.140031  5.923419]]
DP MSE: 0.053663

Run 4
MS Modes:
[[-3.168778e-04  4.893329e-03]
 [ 5.906354e+00 -2.254974e-02]
 [-5.847503e-02  6.057547e+00]
 [ 2.452553e-02 -5.974389e+00]
 [-5.960477e+00 -1.034793e-01]]
MS MSE: 0.005912
DP-GRAMS Modes:
[[ 0.138013 -0.18068 ]
 [-5.889079  0.041001]
 [ 5.810531 -0.065497]
 [-0.15441  -5.744956]
 [-0.097573  6.145228]]
DP MSE: 0.045073

Run 5
MS Modes:
[[-3.187825e-04  4.893301e-03]
 [-5.959010e+00 -1.038724e-01]
 [-5.847030e-02  6.057621e+00]
 [ 5.906301e+00 -2.254531e-02]
 [ 2.452553e-02 -5.974389e+00]]
MS MSE: 0.005956
DP-GRAMS Modes:
[[-5.777786 -0.246762]
 [ 0.035755  0.09762 ]
 [ 5.966415  0.106723]
 [ 0.059216  5.926065]
 [ 0.096947 -5.783264]]
DP MSE: 0.039789

Run 6
MS Modes:
[[ 2.452553e-02 -5.974389e+00]
 [-5.959742e+00 -1.039959e-01]
 [-3.187675e-04  4.893302e-03]
 [ 5.906342e+00 -2.253605e-02]
 [-5.847960e-02  6.057531e+00]]
MS MSE: 0.005945
DP-GRAMS Modes:
[[ 2.518236e-01 -6.177530e+00]
 [ 5.932912e+00  9.093607e-02]
 [-6.075168e+00 -1.674960e-01]
 [-2.802837e-01  5.941794e+00]
 [-3.051670e-03  8.688318e-02]]
DP MSE: 0.046182

Run 7
MS Modes:
[[ 5.906337e+00 -2.254018e-02]
 [-5.847098e-02  6.057546e+00]
 [-5.960044e+00 -1.038481e-01]
 [-3.187696e-04  4.893302e-03]
 [ 2.452553e-02 -5.974389e+00]]
MS MSE: 0.005935
DP-GRAMS Modes:
[[ 5.796135 -0.078046]
 [ 0.084881  0.104644]
 [-6.042202 -0.1448  ]
 [ 0.071603  6.073544]
 [ 0.020615 -5.709106]]
DP MSE: 0.036827

Run 8
MS Modes:
[[ 5.906344e+00 -2.255016e-02]
 [ 2.452553e-02 -5.974389e+00]
 [-5.845138e-02  6.057576e+00]
 [-5.960435e+00 -1.035127e-01]
 [-3.187679e-04  4.893302e-03]]
MS MSE: 0.005915
DP-GRAMS Modes:
[[-0.283619  5.789183]
 [ 0.204661 -0.013421]
 [-5.876125 -0.251738]
 [ 0.094006 -5.991272]
 [ 5.819003  0.197892]]
DP MSE: 0.065300

Run 9
MS Modes:
[[ 5.906331e+00 -2.253948e-02]
 [ 2.452553e-02 -5.974389e+00]
 [-5.960266e+00 -1.036660e-01]
 [-3.187921e-04  4.893301e-03]
 [-5.846731e-02  6.057606e+00]]
MS MSE: 0.005925
DP-GRAMS Modes:
[[ 0.280038 -5.880017]
 [ 0.208726  5.923252]
 [ 0.028557  0.203742]
 [-6.003484 -0.153529]
 [ 5.823615  0.032932]]
DP MSE: 0.048076

Run 10
MS Modes:
[[ 5.906336e+00 -2.254810e-02]
 [-3.187678e-04  4.893302e-03]
 [-5.960667e+00 -1.033434e-01]
 [-5.843615e-02  6.057672e+00]
 [ 2.452553e-02 -5.974389e+00]]
MS MSE: 0.005906
DP-GRAMS Modes:
[[-0.014658 -0.055789]
 [ 0.24478  -5.99306 ]
 [-6.10377   0.190855]
 [ 6.18882   0.192573]
 [ 0.059297  6.129406]]
DP MSE: 0.040697

Run 11
MS Modes:
[[-5.846829e-02  6.057603e+00]
 [ 2.452553e-02 -5.974389e+00]
 [-3.187863e-04  4.893301e-03]
 [-5.960059e+00 -1.036352e-01]
 [ 5.906348e+00 -2.252974e-02]]
MS MSE: 0.005926
DP-GRAMS Modes:
[[ 0.130852 -6.010986]
 [-5.967051 -0.172327]
 [-0.025522 -0.019628]
 [-0.287571  5.983663]
 [ 6.030302  0.025422]]
DP MSE: 0.026718

Run 12
MS Modes:
[[-5.902726e+00 -1.064049e-01]
 [-3.187754e-04  4.893344e-03]
 [ 2.452553e-02 -5.974389e+00]
 [-5.846148e-02  6.057598e+00]
 [ 5.906335e+00 -2.253990e-02]]
MS MSE: 0.007616
DP-GRAMS Modes:
[[ 0.345722 -0.145891]
 [ 0.164198 -5.945595]
 [-0.152892  6.101203]
 [ 5.964378 -0.237222]
 [-6.095009 -0.095417]]
DP MSE: 0.056004

Run 13
MS Modes:
[[ 5.906350e+00 -2.253401e-02]
 [-5.849225e-02  6.057560e+00]
 [-3.187672e-04  4.893302e-03]
 [ 2.452553e-02 -5.974389e+00]
 [-5.960404e+00 -1.034613e-01]]
MS MSE: 0.005913
DP-GRAMS Modes:
[[ 6.135809 -0.08226 ]
 [-5.851541  0.083485]
 [-0.018933 -6.23053 ]
 [ 0.182182  5.822169]
 [-0.008251  0.12759 ]]
DP MSE: 0.037777

Run 14
MS Modes:
[[ 5.906333e+00 -2.253702e-02]
 [-5.958870e+00 -1.040842e-01]
 [-3.187671e-04  4.893303e-03]
 [ 2.452553e-02 -5.974389e+00]
 [-5.843689e-02  6.057630e+00]]
MS MSE: 0.005965
DP-GRAMS Modes:
[[ 0.197088 -0.132386]
 [-0.126502 -5.973698]
 [ 5.904728 -0.204549]
 [-5.868419 -0.017313]
 [-0.115311  6.350862]]
DP MSE: 0.055599

Run 15
MS Modes:
[[ 2.452553e-02 -5.974389e+00]
 [-5.844066e-02  6.057677e+00]
 [-5.960479e+00 -1.033766e-01]
 [-3.187671e-04  4.893302e-03]
 [ 5.906337e+00 -2.253372e-02]]
MS MSE: 0.005911
DP-GRAMS Modes:
[[-5.849496 -0.131187]
 [-0.101678 -5.958449]
 [ 0.008035  6.136526]
 [-0.011228  0.067916]
 [ 5.861026 -0.06254 ]]
DP MSE: 0.019719

Run 16
MS Modes:
[[-3.187935e-04  4.893301e-03]
 [ 5.906329e+00 -2.253743e-02]
 [-5.960307e+00 -1.036861e-01]
 [-5.844810e-02  6.057562e+00]
 [ 2.452553e-02 -5.974389e+00]]
MS MSE: 0.005924
DP-GRAMS Modes:
[[-6.060003 -0.057314]
 [-0.236386 -6.145265]
 [ 0.077234 -0.347307]
 [ 5.90029  -0.079263]
 [-0.141731  6.031253]]
DP MSE: 0.049548

Run 17
MS Modes:
[[-5.845088e-02  6.057653e+00]
 [ 2.452553e-02 -5.974389e+00]
 [-5.960331e+00 -1.036590e-01]
 [-3.187678e-04  4.893302e-03]
 [ 5.906330e+00 -2.254012e-02]]
MS MSE: 0.005925
DP-GRAMS Modes:
[[-6.083625 -0.224303]
 [ 0.085674 -5.707353]
 [ 0.062388  5.994758]
 [ 0.051794 -0.065127]
 [ 5.736747 -0.120146]]
DP MSE: 0.048974

Run 18
MS Modes:
[[-5.845327e-02  6.057596e+00]
 [ 5.906344e+00 -2.254133e-02]
 [-3.187698e-04  4.893343e-03]
 [ 2.452553e-02 -5.974389e+00]
 [-5.960474e+00 -1.034916e-01]]
MS MSE: 0.005914
DP-GRAMS Modes:
[[ 5.683891e+00 -1.327287e-03]
 [ 1.959554e-01 -6.053316e+00]
 [-5.935688e+00 -4.145960e-01]
 [ 3.748023e-02 -2.708539e-01]
 [ 2.746665e-02  6.142845e+00]]
DP MSE: 0.082624

Run 19
MS Modes:
[[-3.187672e-04  4.893302e-03]
 [-5.960760e+00 -1.033706e-01]
 [-5.847841e-02  6.057513e+00]
 [ 2.452553e-02 -5.974389e+00]
 [ 5.906339e+00 -2.254254e-02]]
MS MSE: 0.005903
DP-GRAMS Modes:
[[ 0.071659 -5.637569]
 [ 0.109494  6.029432]
 [-5.869823 -0.124061]
 [ 0.120053  0.039006]
 [ 5.78499  -0.149676]]
DP MSE: 0.053250

Run 20
MS Modes:
[[-3.187666e-04  4.893302e-03]
 [-5.959357e+00 -1.044993e-01]
 [ 2.452553e-02 -5.974389e+00]
 [-5.848232e-02  6.057534e+00]
 [ 5.906345e+00 -2.253427e-02]]
MS MSE: 0.005973
DP-GRAMS Modes:
[[-0.017261  0.242043]
 [ 5.930164  0.047585]
 [-0.102827  6.175912]
 [ 0.150382 -6.313914]
 [-5.853832 -0.224686]]
DP MSE: 0.060110

