Run 1
MS Modes:
[[-5.920458e+00 -1.707220e-02]
 [ 5.061126e-02 -5.952045e+00]
 [-8.738519e-02  5.960714e+00]
 [-1.914736e-03  7.008177e-03]
 [ 5.883310e+00 -1.598608e-02]]
MS MSE: 0.006917
DP-GRAMS Modes:
[[-5.770944  0.285525]
 [-0.052605 -5.940991]
 [-0.061923  0.258288]
 [ 5.772558  0.037617]
 [ 0.068702  5.656091]]
DP MSE: 0.077385

Run 2
MS Modes:
[[-5.919867e+00 -1.803838e-02]
 [-8.740406e-02  5.960807e+00]
 [-1.913618e-03  7.008218e-03]
 [ 5.883143e+00 -1.594527e-02]
 [ 5.061126e-02 -5.952045e+00]]
MS MSE: 0.006949
DP-GRAMS Modes:
[[-7.514543e-02  6.219909e+00]
 [ 3.091514e-01 -5.903739e+00]
 [ 5.625184e+00  1.201280e-01]
 [-1.805477e-02  5.017202e-01]
 [-5.888418e+00 -3.420503e-03]]
DP MSE: 0.115655

Run 3
MS Modes:
[[-5.921602e+00 -1.719434e-02]
 [ 5.061127e-02 -5.952045e+00]
 [ 5.883301e+00 -1.598879e-02]
 [-8.736942e-02  5.960674e+00]
 [-1.913662e-03  7.009928e-03]]
MS MSE: 0.006882
DP-GRAMS Modes:
[[-0.319592 -0.059379]
 [-0.16175   5.964621]
 [ 5.566868  0.259478]
 [-0.359092 -5.917614]
 [-6.052292 -0.289584]]
DP MSE: 0.122068

Run 4
MS Modes:
[[-8.746392e-02  5.960769e+00]
 [-1.928591e-03  7.008034e-03]
 [ 5.883205e+00 -1.595637e-02]
 [ 5.061127e-02 -5.952045e+00]
 [-5.920293e+00 -1.744763e-02]]
MS MSE: 0.006931
DP-GRAMS Modes:
[[-1.961134e-01  5.974391e+00]
 [-5.936762e+00 -5.925679e-03]
 [-1.663329e-01 -1.985146e-01]
 [-1.102367e-01 -6.178889e+00]
 [ 6.254294e+00  7.749993e-02]]
DP MSE: 0.045010

Run 5
MS Modes:
[[-5.920323e+00 -1.712213e-02]
 [-1.929380e-03  7.008022e-03]
 [ 5.061127e-02 -5.952045e+00]
 [-8.756446e-02  5.960572e+00]
 [ 5.882981e+00 -1.594814e-02]]
MS MSE: 0.006945
DP-GRAMS Modes:
[[-0.221227  0.178995]
 [-6.045868  0.067898]
 [ 6.178499  0.075188]
 [ 0.382862 -5.73383 ]
 [-0.114367  5.934157]]
DP MSE: 0.072011

Run 6
MS Modes:
[[ 5.883259e+00 -1.597146e-02]
 [ 5.061126e-02 -5.952045e+00]
 [-5.920926e+00 -1.914938e-02]
 [-1.768282e-03  7.009170e-03]
 [-8.727674e-02  5.960889e+00]]
MS MSE: 0.006913
DP-GRAMS Modes:
[[-2.813560e-02 -5.945631e+00]
 [-1.998193e-01  5.779650e+00]
 [-4.938102e-02 -3.305494e-03]
 [ 5.860314e+00  1.619563e-03]
 [-5.844622e+00 -2.949005e-01]]
DP MSE: 0.045060

Run 7
MS Modes:
[[-1.929364e-03  7.008023e-03]
 [-5.921095e+00 -1.899441e-02]
 [ 5.883294e+00 -1.598350e-02]
 [ 5.061126e-02 -5.952045e+00]
 [-8.749143e-02  5.960605e+00]]
MS MSE: 0.006917
DP-GRAMS Modes:
[[ 0.095456 -6.109006]
 [-0.354381  6.053721]
 [ 0.34534  -0.317557]
 [-5.803687  0.044172]
 [ 5.837306 -0.177389]]
DP MSE: 0.093599

Run 8
MS Modes:
[[-5.921426e+00 -1.866267e-02]
 [-1.932621e-03  7.007968e-03]
 [ 5.882943e+00 -1.590485e-02]
 [ 5.061126e-02 -5.952045e+00]
 [-8.760573e-02  5.960383e+00]]
MS MSE: 0.006927
DP-GRAMS Modes:
[[-0.31993  -5.884335]
 [ 0.048654  0.166079]
 [ 6.194904 -0.006867]
 [-0.192981  6.040424]
 [-5.67908  -0.274088]]
DP MSE: 0.080141

Run 9
MS Modes:
[[ 5.061126e-02 -5.952045e+00]
 [ 5.883247e+00 -1.597599e-02]
 [-5.921008e+00 -1.840224e-02]
 [-5.711957e-03  6.982735e-03]
 [-8.743384e-02  5.960739e+00]]
MS MSE: 0.006919
DP-GRAMS Modes:
[[-1.544503e-01  6.049765e+00]
 [-1.637282e-01 -5.970732e+00]
 [-3.309190e-03 -8.072574e-02]
 [ 5.515255e+00 -2.378459e-01]
 [-5.869316e+00 -6.248869e-02]]
DP MSE: 0.074611

Run 10
MS Modes:
[[-5.921342e+00 -1.749656e-02]
 [-8.745743e-02  5.960564e+00]
 [ 5.883245e+00 -1.596904e-02]
 [-5.031971e-03  6.987162e-03]
 [ 5.061127e-02 -5.952045e+00]]
MS MSE: 0.006904
DP-GRAMS Modes:
[[ 6.084028 -0.274824]
 [ 0.321441 -5.916102]
 [-6.092392 -0.018002]
 [-0.173219  0.097813]
 [-0.281681  6.176605]]
DP MSE: 0.070384

Run 11
MS Modes:
[[-1.929634e-03  7.007998e-03]
 [-5.920447e+00 -1.733291e-02]
 [ 5.883374e+00 -1.599775e-02]
 [ 5.061126e-02 -5.952045e+00]
 [-8.749892e-02  5.957744e+00]]
MS MSE: 0.006968
DP-GRAMS Modes:
[[-0.166096 -5.847868]
 [-0.128515  6.067158]
 [ 5.833243  0.119572]
 [ 0.250264  0.084182]
 [-5.68164   0.241654]]
DP MSE: 0.068666

Run 12
MS Modes:
[[-5.921031e+00 -1.843810e-02]
 [ 5.061126e-02 -5.952045e+00]
 [-1.929849e-03  7.008004e-03]
 [-8.737503e-02  5.960778e+00]
 [ 5.883223e+00 -1.596215e-02]]
MS MSE: 0.006911
DP-GRAMS Modes:
[[ 0.051922  5.844746]
 [-5.997057 -0.164814]
 [ 0.011698 -0.105628]
 [ 5.845371 -0.168291]
 [ 0.124696 -6.028153]]
DP MSE: 0.026768

Run 13
MS Modes:
[[ 5.061127e-02 -5.952045e+00]
 [-1.893259e-03  7.008374e-03]
 [ 5.883286e+00 -1.597378e-02]
 [-5.920459e+00 -1.705066e-02]
 [-8.724953e-02  5.960904e+00]]
MS MSE: 0.006910
DP-GRAMS Modes:
[[-0.263788  6.224025]
 [-0.586708 -0.192969]
 [ 5.98518  -0.098371]
 [ 0.161235 -6.048125]
 [-5.902979 -0.013822]]
DP MSE: 0.109810

Run 14
MS Modes:
[[-8.755942e-02  5.960529e+00]
 [-5.919922e+00 -1.771638e-02]
 [-1.929358e-03  7.008023e-03]
 [ 5.061126e-02 -5.952045e+00]
 [ 5.883236e+00 -1.596004e-02]]
MS MSE: 0.006951
DP-GRAMS Modes:
[[-5.775322  0.121068]
 [ 0.07565  -0.138966]
 [ 0.211151 -5.889274]
 [-0.115646  5.970035]
 [ 5.91297   0.052072]]
DP MSE: 0.034315

Run 15
MS Modes:
[[-5.920946e+00 -1.945478e-02]
 [-8.743529e-02  5.960762e+00]
 [-5.662753e-03  6.983149e-03]
 [ 5.061126e-02 -5.952045e+00]
 [ 5.883287e+00 -1.597868e-02]]
MS MSE: 0.006926
DP-GRAMS Modes:
[[-0.223122  5.931663]
 [ 0.08603  -0.374239]
 [-5.957324  0.308214]
 [ 0.106544 -5.721933]
 [ 6.083952 -0.154709]]
DP MSE: 0.083676

Run 16
MS Modes:
[[-1.929589e-03  7.008014e-03]
 [ 5.061126e-02 -5.952045e+00]
 [-8.738822e-02  5.960670e+00]
 [ 5.883259e+00 -1.597385e-02]
 [-5.921006e+00 -1.924406e-02]]
MS MSE: 0.006918
DP-GRAMS Modes:
[[-0.312068  6.19003 ]
 [-0.110814 -5.854766]
 [-5.647111 -0.068271]
 [ 5.952239  0.030532]
 [ 0.227226 -0.115508]]
DP MSE: 0.072850

Run 17
MS Modes:
[[-5.920256 -0.016766]
 [-0.006128  0.00698 ]
 [ 5.883208 -0.015966]
 [ 0.050611 -5.952045]
 [-0.087439  5.960626]]
MS MSE: 0.006936
DP-GRAMS Modes:
[[-6.082954 -0.195823]
 [-0.161097 -0.01862 ]
 [-0.072755  5.795302]
 [-0.101938 -5.962104]
 [ 5.738892  0.187825]]
DP MSE: 0.046801

Run 18
MS Modes:
[[ 5.061126e-02 -5.952045e+00]
 [-8.742730e-02  5.960645e+00]
 [-1.929946e-03  7.008007e-03]
 [ 5.883236e+00 -1.595791e-02]
 [-5.921541e+00 -1.806503e-02]]
MS MSE: 0.006895
DP-GRAMS Modes:
[[ 0.349929 -6.455312]
 [ 5.717416 -0.175756]
 [ 0.096314 -0.137445]
 [-5.829053 -0.098971]
 [ 0.021169  5.85426 ]]
DP MSE: 0.105875

Run 19
MS Modes:
[[-8.752768e-02  5.960608e+00]
 [-1.929685e-03  7.008013e-03]
 [ 5.882975e+00 -1.591742e-02]
 [ 5.061126e-02 -5.952045e+00]
 [-5.921019e+00 -1.754670e-02]]
MS MSE: 0.006924
DP-GRAMS Modes:
[[ 0.060703 -0.154694]
 [ 5.992986  0.317411]
 [-0.487042  5.908315]
 [-6.094779  0.043763]
 [-0.169243 -5.95277 ]]
DP MSE: 0.083160

Run 20
MS Modes:
[[ 5.061127e-02 -5.952045e+00]
 [-5.920339e+00 -1.635262e-02]
 [-8.749889e-02  5.959163e+00]
 [ 5.883268e+00 -1.596983e-02]
 [-1.929345e-03  7.010049e-03]]
MS MSE: 0.006947
DP-GRAMS Modes:
[[ 0.134667 -6.105457]
 [-5.795063 -0.136937]
 [-0.31913  -0.240484]
 [-0.299849  6.036929]
 [ 6.195054 -0.020467]]
DP MSE: 0.075884

