=== Subsample n = 700 ===
 clip_mult |  mean_ari |  std_ari |  mean_nmi |  std_nmi |   mean_mse |   std_mse |    mean_t |    std_t
---------------------------------------------------------------------------------------------------------
     0.010 |    0.8561 |   0.1230 |    0.8725 |   0.0960 |     0.0812 |    0.3160 |    0.0130 |   0.0034
     0.100 |    0.8363 |   0.1735 |    0.8574 |   0.1454 |     0.0888 |    0.3088 |    0.0119 |   0.0002
     0.500 |    0.8028 |   0.1371 |    0.8310 |   0.1087 |     0.0832 |    0.2366 |    0.0120 |   0.0002
     1.000 |    0.9006 |   0.1124 |    0.9101 |   0.0896 |     0.0368 |    0.0383 |    0.0118 |   0.0000
     2.000 |    0.8066 |   0.1449 |    0.8488 |   0.1061 |     0.2243 |    0.3098 |    0.0119 |   0.0000

=== Subsample n = 1000 ===
 clip_mult |  mean_ari |  std_ari |  mean_nmi |  std_nmi |   mean_mse |   std_mse |    mean_t |    std_t
---------------------------------------------------------------------------------------------------------
     0.010 |    0.8545 |   0.1230 |    0.8753 |   0.0930 |     0.1765 |    0.5347 |    0.0183 |   0.0004
     0.100 |    0.8472 |   0.1634 |    0.8637 |   0.1386 |     0.0696 |    0.2891 |    0.0183 |   0.0003
     0.500 |    0.8138 |   0.1328 |    0.8346 |   0.1088 |     0.0622 |    0.2195 |    0.0182 |   0.0001
     1.000 |    0.9062 |   0.1044 |    0.9123 |   0.0854 |     0.0169 |    0.0203 |    0.0186 |   0.0007
     2.000 |    0.8656 |   0.1257 |    0.8809 |   0.0994 |     0.0727 |    0.0669 |    0.0185 |   0.0006

=== Subsample n = 2000 ===
 clip_mult |  mean_ari |  std_ari |  mean_nmi |  std_nmi |   mean_mse |   std_mse |    mean_t |    std_t
---------------------------------------------------------------------------------------------------------
     0.010 |    0.8549 |   0.1240 |    0.8714 |   0.0938 |     0.0657 |    0.2214 |    0.0529 |   0.0040
     0.100 |    0.8349 |   0.1787 |    0.8608 |   0.1426 |     0.1530 |    0.3995 |    0.0533 |   0.0068
     0.500 |    0.8207 |   0.1329 |    0.8390 |   0.1099 |     0.0762 |    0.3001 |    0.0524 |   0.0018
     1.000 |    0.9168 |   0.0957 |    0.9177 |   0.0808 |     0.0049 |    0.0045 |    0.0529 |   0.0013
     2.000 |    0.8940 |   0.1008 |    0.9013 |   0.0828 |     0.0237 |    0.0220 |    0.0577 |   0.0050

=== Subsample n = 5000 ===
 clip_mult |  mean_ari |  std_ari |  mean_nmi |  std_nmi |   mean_mse |   std_mse |    mean_t |    std_t
---------------------------------------------------------------------------------------------------------
     0.010 |    0.8598 |   0.1245 |    0.8710 |   0.0973 |     0.0137 |    0.0405 |    0.2234 |   0.0046
     0.100 |    0.8466 |   0.1618 |    0.8587 |   0.1400 |     0.0095 |    0.0248 |    0.2212 |   0.0045
     0.500 |    0.8185 |   0.1293 |    0.8347 |   0.1091 |     0.0087 |    0.0208 |    0.2258 |   0.0101
     1.000 |    0.9194 |   0.0915 |    0.9184 |   0.0792 |     0.0014 |    0.0011 |    0.2287 |   0.0139
     2.000 |    0.9115 |   0.0934 |    0.9090 |   0.0831 |     0.0045 |    0.0024 |    0.2205 |   0.0031

