=== Subsample n = 700 ===
       m |  mean_ari |  std_ari |  mean_nmi |  std_nmi |   mean_mse |   std_mse |    mean_t |    std_t
-------------------------------------------------------------------------------------------------------
       7 |    0.8717 |   0.1541 |    0.8951 |   0.1119 |     0.0953 |    0.2022 |    0.0104 |   0.0035
      35 |    0.8554 |   0.1186 |    0.8779 |   0.0836 |     0.1420 |    0.4181 |    0.0099 |   0.0000
      70 |    0.8040 |   0.2012 |    0.8364 |   0.1575 |     0.0942 |    0.1447 |    0.0109 |   0.0001
     140 |    0.8353 |   0.1553 |    0.8686 |   0.1152 |     0.1613 |    0.4038 |    0.0127 |   0.0001
     700 |    0.8230 |   0.1416 |    0.8569 |   0.1031 |     0.1077 |    0.2149 |    0.0247 |   0.0002

=== Subsample n = 1000 ===
       m |  mean_ari |  std_ari |  mean_nmi |  std_nmi |   mean_mse |   std_mse |    mean_t |    std_t
-------------------------------------------------------------------------------------------------------
      10 |    0.8874 |   0.1447 |    0.9044 |   0.1117 |     0.0624 |    0.2000 |    0.0130 |   0.0001
      50 |    0.8704 |   0.1773 |    0.8822 |   0.1509 |     0.0235 |    0.0299 |    0.0147 |   0.0003
     100 |    0.8635 |   0.1511 |    0.8773 |   0.1144 |     0.0206 |    0.0199 |    0.0167 |   0.0002
     200 |    0.8213 |   0.1559 |    0.8435 |   0.1294 |     0.0664 |    0.1348 |    0.0205 |   0.0001
    1000 |    0.9033 |   0.0956 |    0.9084 |   0.0779 |     0.0208 |    0.0207 |    0.0443 |   0.0003

=== Subsample n = 2000 ===
       m |  mean_ari |  std_ari |  mean_nmi |  std_nmi |   mean_mse |   std_mse |    mean_t |    std_t
-------------------------------------------------------------------------------------------------------
      20 |    0.8766 |   0.1383 |    0.8928 |   0.1096 |     0.1112 |    0.4736 |    0.0302 |   0.0001
     100 |    0.8841 |   0.1237 |    0.8908 |   0.0987 |     0.0085 |    0.0093 |    0.0374 |   0.0002
     200 |    0.8287 |   0.1494 |    0.8450 |   0.1294 |     0.0162 |    0.0226 |    0.0464 |   0.0007
     400 |    0.8467 |   0.1533 |    0.8674 |   0.1135 |     0.0648 |    0.1827 |    0.0641 |   0.0014
    2000 |    0.8769 |   0.1163 |    0.8837 |   0.0951 |     0.0088 |    0.0114 |    0.1727 |   0.0031

=== Subsample n = 5000 ===
       m |  mean_ari |  std_ari |  mean_nmi |  std_nmi |   mean_mse |   std_mse |    mean_t |    std_t
-------------------------------------------------------------------------------------------------------
      50 |    0.8803 |   0.1631 |    0.8857 |   0.1432 |     0.0059 |    0.0136 |    0.0960 |   0.0030
     250 |    0.8996 |   0.1508 |    0.9100 |   0.1184 |     0.0013 |    0.0011 |    0.1428 |   0.0073
     500 |    0.8790 |   0.1346 |    0.8853 |   0.1156 |     0.0034 |    0.0053 |    0.1943 |   0.0024
    1000 |    0.9169 |   0.0823 |    0.9143 |   0.0707 |     0.0025 |    0.0037 |    0.3030 |   0.0038
    5000 |    0.9231 |   0.0753 |    0.9193 |   0.0632 |     0.0021 |    0.0024 |    1.0756 |   0.0236

